1,89,414,787,623,150,457,929,311,940,575,822,264,527,260,905,161,341,832,758,499,304,230,536,143,375,818,1
1,187,682,66,153,371,390,531,327,619,324,952,138,128,997,522,47,127,788,730,692,349,830,513,481,247,393,899,562,1
1,593,752,310,783,270,564,770,811,190,611,998,37,450,471,478,421,382,20,171,225,179,716,70,742,459,487,165,1
1,510,266,398,83,594,880,419,444,732,189,660,379,926,728,753,263,53,278,356,10,1
1,65,944,574,923,157,436,467,276,968,339,849,163,585,236,337,167,194,764,240,878,599,55,780,889,129,1
1,969,573,352,159,363,182,542,567,581,988,592,48,406,996,309,552,727,693,210,634,195,1
1,59,86,63,368,244,331,653,801,496,702,239,423,136,934,907,428,760,919,930,94,1
1,140,816,385,154,256,463,6,607,794,319,984,100,831,621,399,937,797,628,748,85,864,957,1
1,82,54,908,747,921,861,122,551,962,850,879,320,632,667,272,98,388,891,603,193,314,205,1
1,514,296,479,68,680,78,964,411,209,652,927,884,951,258,712,530,897,616,259,103,942,993,1
1,602,965,784,756,445,485,169,644,144,168,695,906,819,620,999,543,488,572,916,807,111,737,1
1,141,950,549,354,731,705,250,213,79,647,557,402,186,483,334,815,501,303,328,426,274,718,617,172,262,1
1,686,381,170,185,792,277,5,987,282,892,107,613,528,505,701,253,427,226,234,670,978,384,497,600,521,630,33,1
1,740,704,763,812,460,376,52,245,360,448,848,781,690,288,422,386,345,821,829,477,580,706,947,976,34,438,173,708,1
1,454,208,875,714,625,377,677,553,771,343,12,335,374,364,645,687,466,517,662,847,348,873,615,149,636,108,1
1,275,643,191,216,679,333,383,350,342,474,828,622,700,569,164,598,469,465,721,75,493,199,1
1,329,734,181,568,476,839,971,658,857,372,227,155,912,251,175,949,888,520,554,125,462,507,898,915,917,1
1,468,131,252,570,941,886,609,76,433,918,439,306,834,991,648,707,739,397,115,214,222,872,1
1,184,726,200,110,316,842,58,340,74,537,148,369,836,547,424,540,293,498,560,27,717,676,38,113,1
1,989,793,72,860,257,300,713,24,800,91,435,431,515,961,292,211,265,858,546,145,672,380,746,220,461,441,49,795,724,1
1,548,990,132,269,394,887,683,84,668,162,67,799,114,315,744,31,688,504,416,750,913,449,757,902,556,217,51,1000,455,472,518,453,1
1,93,241,221,283,285,741,838,17,437,130,631,365,640,8,881,933,446,983,606,689,358,87,776,45,837,1
1,904,458,484,827,871,147,735,151,935,490,958,207,432,939,387,418,298,23,95,635,362,16,525,922,767,1
1,579,673,405,174,577,21,389,578,512,77,4,773,80,18,118,972,576,160,814,429,392,117,1
1,29,28,869,532,694,50,442,62,674,475,761,447,595,413,614,166,229,995,524,223,766,456,710,586,639,938,1
1,480,361,367,268,654,242,833,759,255,863,590,666,404,126,588,903,859,41,71,224,206,948,473,177,400,511,197,535,43,1
1,608,785,868,491,378,464,353,57,135,772,271,123,696,64,11,25,846,804,810,158,1
1,338,786,963,798,452,565,396,526,39,604,719,966,96,762,671,854,669,248,44,893,862,284,502,1
1,203,73,494,330,35,980,650,192,325,824,36,977,852,3,715,777,443,782,982,867,883,587,425,1
1,395,61,779,844,924,856,627,286,318,910,289,420,678,112,629,642,675,254,366,218,312,139,791,890,1
1,516,736,589,42,407,295,90,280,729,985,597,664,709,104,503,32,885,809,841,299,294,932,1
1,681,417,596,15,106,561,196,279,624,559,733,835,305,2,855,882,697,482,391,176,105,215,1
1,817,805,703,651,290,492,246,408,840,711,26,178,876,344,486,237,820,1
1,877,317,566,321,866,601,534,133,81,302,612,845,901,936,152,238,188,541,506,1
1,355,347,403,198,212,495,281,641,953,928,584,720,649,529,500,323,826,768,346,322,1
1,180,956,97,943,775,960,243,60,755,357,605,267,249,307,46,509,202,813,981,134,725,970,945,142,539,1
1,470,633,563,684,914,955,738,519,774,698,430,789,308,691,895,121,326,550,99,9,802,1
1,301,853,994,124,723,591,412,954,410,555,946,69,638,806,415,900,920,22,754,370,235,1
1,30,489,745,865,825,808,751,637,156,101,765,986,544,273,183,685,610,219,843,291,1
1,959,823,790,373,558,116,120,204,146,657,523,14,909,743,56,231,538,508,351,931,1
1,749,232,571,656,40,401,359,313,1001,201,109,618,228,582,583,975,851,102,973,661,434,1
1,626,646,297,92,7,896,974,332,655,545,722,287,796,778,870,88,925,894,137,911,992,451,119,233,440,967,803,1
1,659,409,665,769,663,336,979,533,13,261,874,19,699,1
